R. nouom, INDEX opnkuu.

6199911-1196991999 1, 984.

9111191991. 1, 94, 99, 98, 98, 119, 199, 199, 194,
111. 116. 16911, 25. 196911.

611919911Μ9. 11, 116, 199.

691119999 Ε. 1, 994.

(3918499911. 1, 98.

commines de Μ9191119Λ. 1, 997.

Conon Ε. 1, 999.

69919191 L. 11, 196, 197, 179, 999, 974.

Cox Η. 1, 199, 999.

6191111998. 8. 11, 979.

Cremona, 1, 197.

6119191, 11, 69.

6111919 Τ11. 1, 971; 11, 164.

Cyon (de) 8.-11, 979.

DARBOUX 6. 1, 99, 189, 946.

01194998. 1, 999, 479, 471411, 169, 189.
6911911196 R. 9111191191 Η. 1, 198.

De 819999999 D. 1, 996, 197, 998, 998, 999, 949,

5⁹¹-
119119Μ. 1, 941, 699.

6911199911. 11, 9,198, 199, 199,141,166,199.
6911198. 11, 181.

De Ρ9911911. 1, 168, 917.
01199 E. T. Ι, 989411, 199.
69811991 Η. 1, 699, 619.
Dogson 1. 1, 946.
[1911191991. 11, 146.

01999191 Η. 1, 947.
0991199119 Ρ. 1, 947, 948, 949.
1399191 8. 11, 99.

[19699111. C. 1, 9.

699911 Η. 11, 999, 996.
1199919 N. 8. 11, 991.

881Μο11 Μ. 1, 949.

894491 81. 1, 498, 479, 109111, 997.
8999181. 9181191191 Ρ. 11, 167.

899916. 11, 19.

89999911, 199.

8111119999 8. 1, 948, 949, 479; 11, 994, 976.
8111 1, 99.

81691999 Β. ΙΙ, 44.
8991191199 6. 1, 116.

811661 Α. 11, 977.

8999 6. 1, 999, 474.

8999 91 89119999 1, 979.

818111 C. 1, 979.

8196191111. Ι, 69, 86.

8199 8. Μ11119 1, 69, 74, 79.
8991996 Μ. 6. 1, 996, 419, 479; 11, 998.
89111 Α. 11, 4, 9, 9.

81111191 W. 1. 199, 191.
81991199618. 1, 196.

81911191 G. Ι, 169, 614.
8199119111, 199.

819999199 8. C. 1, 76.
8119911991 J. 1, 87, 1494 11, 49.
819191 Μ. 1, 919.

GALDEANO (de) G. Z. 11, 168, 999, 999.
6911999 Α. 1, 971.

691199916. 11, 169, 189.

69999 C. 8. 11. 46, 179, 199.
69999991 Α. 1, 99, 199, 197, 198.
6999119999 E. 11, 74.

691916 L. 1, 997, 999.

6919191 Η. 1, 14.

6111991. 11, 69, 66, 67,

6196199 8. 1, 911.

69919918. 1, 998,

6199991999 Η. 1, 7, 11, 99, 117, 179.
619911991 Μ. 1, 619, 616.

6199911 J. 1, 64.

6919119111 1, 499.

6119111918. 1, 141, 199; 11, 96, 47, 94.

ΗΛΒΑΜΛΙΜ) J. l, 974, 499, 966411, 171, 999.

11919196 6. Β. l, 999, 9,·9, 491, 491, 476, 9199
11. 18. 19196811. 91, 10⁶. 199. 117. 111.
147, 148, 189, 184, 949, 941, 996, 997, 998,
978, 979.

Η991916. 1, 967.

11991191 1, 49.

 

